[38;2;0;0;0;48;2;170;170;170m  [38;2;170;0;0mF[38;2;0;0;0mile  [38;2;170;0;0mH[38;2;0;0;0melp                                                                                                             [0m
[38;2;170;170;170;48;2;85;85;85m░░░░░░░░░░░░░░░░░░░░░░░░░░░░░░░░░░░░░░░░░░░░░░░░░░░░░░░░░░░░░░░░░░░░░░░░░░░░░░░░░░░░░░░░░░░░░░░░░░░░░░░░░░░░░░░░░░░░░░░░░[0m
[38;2;170;170;170;48;2;85;85;85m░░░░░░░░░░░░░░░░░░░░░░░░░░░░░░░░░░░░░░░░░░░░░░░░░░░░░░░░░░░░░░░░░░░░░░░░░░░░░░░░░░░░░░░░░░░░░░░░░░░░░░░░░░░░░░░░░░░░░░░░░[0m
[38;2;170;170;170;48;2;85;85;85m░░░░░░░░░░░░░░░░░░░░░░░░░░░░░░░░░░░░░░░░░░░░░░░░░░░░░░░░░░░░░░░░░░░░░░░░░░░░░░░░░░░░░░░░░░░░░░░░░░░░░░░░░░░░░░░░░░░░░░░░░[0m
[38;2;170;170;170;48;2;85;85;85m░░░░░░░░░░░░░░░░░░░░░░░░░░░░░░░░░░░░░░░░░░░░░░░░░░░░░░░░░░░░░░░░░░░░░░░░░░░░░░░░░░░░░░░░░░░░░░░░░░░░░░░░░░░░░░░░░░░░░░░░░[0m
[38;2;170;170;170;48;2;85;85;85m░░░░░░░░░░░░░░░░░░░░░░░░░░░░░░░░░░░░░░░░░░░░░░░░░░░░░░░░░░░░░░░░░░░░░░░░░░░░░░░░░░░░░░░░░░░░░░░░░░░░░░░░░░░░░░░░░░░░░░░░░[0m
[38;2;170;170;170;48;2;85;85;85m░░░░░░░░░░░░░░░░░░░░░░░░░░░░░░░░░░░░░░░░░░░░░░░░░░░░░░░░░░░░░░░░░░░░░░░░░░░░░░░░░░░░░░░░░░░░░░░░░░░░░░░░░░░░░░░░░░░░░░░░░[0m
[38;2;170;170;170;48;2;85;85;85m░░░░░░░░░░░░░░░░░░░░░░░░░░░░░░░░░░░░░░░░░░░░░░░░░░░░░░░░░░░░░░░░░░░░░░░░░░░░░░░░░░░░░░░░░░░░░░░░░░░░░░░░░░░░░░░░░░░░░░░░░[0m
[38;2;170;170;170;48;2;85;85;85m░░░░░░░░░░░░░░░░░░░░░░░░░░░░░░░░░░░░░░░░░░░░░░░░░░░░░░░░░░░░░░░░░░░░░░░░░░░░░░░░░░░░░░░░░░░░░░░░░░░░░░░░░░░░░░░░░░░░░░░░░[0m
[38;2;170;170;170;48;2;85;85;85m░░░░░░░░░░░░░░░░░░░░░░░░░░░░░░░░░░░░░░░░░░░░░░░░░░░░░░░░░░░░░░░░░░░░░░░░░░░░░░░░░░░░░░░░░░░░░░░░░░░░░░░░░░░░░░░░░░░░░░░░░[0m
[38;2;170;170;170;48;2;85;85;85m░░░░░░░░░░░░░░░░░░░░░░░░░░░░░░░░░░░░░░░░░░░░░░░░░░░░░░░░░░░░░░░░░░░░░░░░░░░░░░░░░░░░░░░░░░░░░░░░░░░░░░░░░░░░░░░░░░░░░░░░░[0m
[38;2;170;170;170;48;2;85;85;85m░░░░░░░░░░░░░░░░░░░░░░░░░░░░░░░░░░░░░░░░░░░░░░░░░░░░░░░░░░░░░░░░░░░░░░░░░░░░░░░░░░░░░░░░░░░░░░░░░░░░░░░░░░░░░░░░░░░░░░░░░[0m
[38;2;170;170;170;48;2;85;85;85m░░░░░░░░░░░░░░░░░░░░░░░░░░░░░░░░░░░░░░░░░░░░░░░░░░░░░░░░░░░░░░░░░░░░░░░░░░░░░░░░░░░░░░░░░░░░░░░░░░░░░░░░░░░░░░░░░░░░░░░░░[0m
[38;2;170;170;170;48;2;85;85;85m░░░░░░░░░░░░░░░░░░░░░░░░░░░░░░░░░░░░░░░░░░░░░░░░░░░░░░░░░░░░░░░░░░░░░░░░░░░░░░░░░░░░░░░░░░░░░░░░░░░░░░░░░░░░░░░░░░░░░░░░░[0m
[38;2;170;170;170;48;2;85;85;85m░░░░░░░░░░░░░░░░░░░░░░░░░░░░░░░░░░░░░░░░░░░░░░░░░░░░░░░░░░░░░░░░░░░░░░░░░░░░░░░░░░░░░░░░░░░░░░░░░░░░░░░░░░░░░░░░░░░░░░░░░[0m
[38;2;170;170;170;48;2;85;85;85m░░░░░░░░░░░░░░░░░░░░░░░░░░░░░░░░░░░░░░░░░░░░░░░░░░░░░░░░░░░░░░░░░░░░░░░░░░░░░░░░░░░░░░░░░░░░░░░░░░░░░░░░░░░░░░░░░░░░░░░░░[0m
[38;2;170;170;170;48;2;85;85;85m░░░░░░░░░░░░░░░░░░░░░░░░░░░░░░░░░░░[38;2;255;255;255;48;2;170;170;170m╔═[■]═ Turbo Vision for Rust ════════════════════╗[38;2;170;170;170;48;2;85;85;85m░░░░░░░░░░░░░░░░░░░░░░░░░░░░░░░░░░░░[0m
[38;2;170;170;170;48;2;85;85;85m░░░░░░░░░░░░░░░░░░░░░░░░░░░░░░░░░░░[38;2;255;255;255;48;2;170;170;170m║[38;2;0;0;0m                                                [38;2;255;255;255m║[38;2;85;85;85;48;2;0;0;0m  [38;2;170;170;170;48;2;85;85;85m░░░░░░░░░░░░░░░░░░░░░░░░░░░░░░░░░░[0m
[38;2;170;170;170;48;2;85;85;85m░░░░░░░░░░░░░░░░░░░░░░░░░░░░░░░░░░░[38;2;255;255;255;48;2;170;170;170m║[38;2;0;0;0m            Welcome To Turbo Vision             [38;2;255;255;255m║[38;2;85;85;85;48;2;0;0;0m  [38;2;170;170;170;48;2;85;85;85m░░░░░░░░░░░░░░░░░░░░░░░░░░░░░░░░░░[0m
[38;2;170;170;170;48;2;85;85;85m░░░░░░░░░░░░░░░░░░░░░░░░░░░░░░░░░░░[38;2;255;255;255;48;2;170;170;170m║[38;2;0;0;0m                                                [38;2;255;255;255m║[38;2;85;85;85;48;2;0;0;0m  [38;2;170;170;170;48;2;85;85;85m░░░░░░░░░░░░░░░░░░░░░░░░░░░░░░░░░░[0m
[38;2;170;170;170;48;2;85;85;85m░░░░░░░░░░░░░░░░░░░░░░░░░░░░░░░░░░░[38;2;255;255;255;48;2;170;170;170m║[38;2;0;0;0m                   for Rust!                    [38;2;255;255;255m║[38;2;85;85;85;48;2;0;0;0m  [38;2;170;170;170;48;2;85;85;85m░░░░░░░░░░░░░░░░░░░░░░░░░░░░░░░░░░[0m
[38;2;170;170;170;48;2;85;85;85m░░░░░░░░░░░░░░░░░░░░░░░░░░░░░░░░░░░[38;2;255;255;255;48;2;170;170;170m║[38;2;0;0;0m                                                [38;2;255;255;255m║[38;2;85;85;85;48;2;0;0;0m  [38;2;170;170;170;48;2;85;85;85m░░░░░░░░░░░░░░░░░░░░░░░░░░░░░░░░░░[0m
[38;2;170;170;170;48;2;85;85;85m░░░░░░░░░░░░░░░░░░░░░░░░░░░░░░░░░░░[38;2;255;255;255;48;2;170;170;170m║[38;2;0;0;0m                                                [38;2;255;255;255m║[38;2;85;85;85;48;2;0;0;0m  [38;2;170;170;170;48;2;85;85;85m░░░░░░░░░░░░░░░░░░░░░░░░░░░░░░░░░░[0m
[38;2;170;170;170;48;2;85;85;85m░░░░░░░░░░░░░░░░░░░░░░░░░░░░░░░░░░░[38;2;255;255;255;48;2;170;170;170m║[38;2;0;0;0m                   [38;2;255;255;255;48;2;0;170;0m   OK    [38;2;170;170;170;48;2;85;85;85m▀[38;2;0;0;0;48;2;170;170;170m                   [38;2;255;255;255m║[38;2;85;85;85;48;2;0;0;0m  [38;2;170;170;170;48;2;85;85;85m░░░░░░░░░░░░░░░░░░░░░░░░░░░░░░░░░░[0m
[38;2;170;170;170;48;2;85;85;85m░░░░░░░░░░░░░░░░░░░░░░░░░░░░░░░░░░░[38;2;255;255;255;48;2;170;170;170m║[38;2;0;0;0m                    [38;2;170;170;170;48;2;85;85;85m▄▄▄▄▄▄▄▄▄[38;2;0;0;0;48;2;170;170;170m                   [38;2;255;255;255m║[38;2;85;85;85;48;2;0;0;0m  [38;2;170;170;170;48;2;85;85;85m░░░░░░░░░░░░░░░░░░░░░░░░░░░░░░░░░░[0m
[38;2;170;170;170;48;2;85;85;85m░░░░░░░░░░░░░░░░░░░░░░░░░░░░░░░░░░░[38;2;255;255;255;48;2;170;170;170m╚════════════════════════════════════════════════╝[38;2;85;85;85;48;2;0;0;0m  [38;2;170;170;170;48;2;85;85;85m░░░░░░░░░░░░░░░░░░░░░░░░░░░░░░░░░░[0m
[38;2;170;170;170;48;2;85;85;85m░░░░░░░░░░░░░░░░░░░░░░░░░░░░░░░░░░░░[38;2;85;85;85;48;2;0;0;0m                                                   [38;2;170;170;170;48;2;85;85;85m░░░░░░░░░░░░░░░░░░░░░░░░░░░░░░░░░░[0m
[38;2;170;170;170;48;2;85;85;85m░░░░░░░░░░░░░░░░░░░░░░░░░░░░░░░░░░░░░░░░░░░░░░░░░░░░░░░░░░░░░░░░░░░░░░░░░░░░░░░░░░░░░░░░░░░░░░░░░░░░░░░░░░░░░░░░░░░░░░░░░[0m
[38;2;170;170;170;48;2;85;85;85m░░░░░░░░░░░░░░░░░░░░░░░░░░░░░░░░░░░░░░░░░░░░░░░░░░░░░░░░░░░░░░░░░░░░░░░░░░░░░░░░░░░░░░░░░░░░░░░░░░░░░░░░░░░░░░░░░░░░░░░░░[0m
[38;2;170;170;170;48;2;85;85;85m░░░░░░░░░░░░░░░░░░░░░░░░░░░░░░░░░░░░░░░░░░░░░░░░░░░░░░░░░░░░░░░░░░░░░░░░░░░░░░░░░░░░░░░░░░░░░░░░░░░░░░░░░░░░░░░░░░░░░░░░░[0m
[38;2;170;170;170;48;2;85;85;85m░░░░░░░░░░░░░░░░░░░░░░░░░░░░░░░░░░░░░░░░░░░░░░░░░░░░░░░░░░░░░░░░░░░░░░░░░░░░░░░░░░░░░░░░░░░░░░░░░░░░░░░░░░░░░░░░░░░░░░░░░[0m
[38;2;170;170;170;48;2;85;85;85m░░░░░░░░░░░░░░░░░░░░░░░░░░░░░░░░░░░░░░░░░░░░░░░░░░░░░░░░░░░░░░░░░░░░░░░░░░░░░░░░░░░░░░░░░░░░░░░░░░░░░░░░░░░░░░░░░░░░░░░░░[0m
[38;2;170;170;170;48;2;85;85;85m░░░░░░░░░░░░░░░░░░░░░░░░░░░░░░░░░░░░░░░░░░░░░░░░░░░░░░░░░░░░░░░░░░░░░░░░░░░░░░░░░░░░░░░░░░░░░░░░░░░░░░░░░░░░░░░░░░░░░░░░░[0m
[38;2;170;170;170;48;2;85;85;85m░░░░░░░░░░░░░░░░░░░░░░░░░░░░░░░░░░░░░░░░░░░░░░░░░░░░░░░░░░░░░░░░░░░░░░░░░░░░░░░░░░░░░░░░░░░░░░░░░░░░░░░░░░░░░░░░░░░░░░░░░[0m
[38;2;170;170;170;48;2;85;85;85m░░░░░░░░░░░░░░░░░░░░░░░░░░░░░░░░░░░░░░░░░░░░░░░░░░░░░░░░░░░░░░░░░░░░░░░░░░░░░░░░░░░░░░░░░░░░░░░░░░░░░░░░░░░░░░░░░░░░░░░░░[0m
[38;2;170;170;170;48;2;85;85;85m░░░░░░░░░░░░░░░░░░░░░░░░░░░░░░░░░░░░░░░░░░░░░░░░░░░░░░░░░░░░░░░░░░░░░░░░░░░░░░░░░░░░░░░░░░░░░░░░░░░░░░░░░░░░░░░░░░░░░░░░░[0m
[38;2;170;170;170;48;2;85;85;85m░░░░░░░░░░░░░░░░░░░░░░░░░░░░░░░░░░░░░░░░░░░░░░░░░░░░░░░░░░░░░░░░░░░░░░░░░░░░░░░░░░░░░░░░░░░░░░░░░░░░░░░░░░░░░░░░░░░░░░░░░[0m
[38;2;170;170;170;48;2;85;85;85m░░░░░░░░░░░░░░░░░░░░░░░░░░░░░░░░░░░░░░░░░░░░░░░░░░░░░░░░░░░░░░░░░░░░░░░░░░░░░░░░░░░░░░░░░░░░░░░░░░░░░░░░░░░░░░░░░░░░░░░░░[0m
[38;2;170;170;170;48;2;85;85;85m░░░░░░░░░░░░░░░░░░░░░░░░░░░░░░░░░░░░░░░░░░░░░░░░░░░░░░░░░░░░░░░░░░░░░░░░░░░░░░░░░░░░░░░░░░░░░░░░░░░░░░░░░░░░░░░░░░░░░░░░░[0m
[38;2;170;170;170;48;2;85;85;85m░░░░░░░░░░░░░░░░░░░░░░░░░░░░░░░░░░░░░░░░░░░░░░░░░░░░░░░░░░░░░░░░░░░░░░░░░░░░░░░░░░░░░░░░░░░░░░░░░░░░░░░░░░░░░░░░░░░░░░░░░[0m
[38;2;170;170;170;48;2;85;85;85m░░░░░░░░░░░░░░░░░░░░░░░░░░░░░░░░░░░░░░░░░░░░░░░░░░░░░░░░░░░░░░░░░░░░░░░░░░░░░░░░░░░░░░░░░░░░░░░░░░░░░░░░░░░░░░░░░░░░░░░░░[0m
[38;2;170;170;170;48;2;85;85;85m░░░░░░░░░░░░░░░░░░░░░░░░░░░░░░░░░░░░░░░░░░░░░░░░░░░░░░░░░░░░░░░░░░░░░░░░░░░░░░░░░░░░░░░░░░░░░░░░░░░░░░░░░░░░░░░░░░░░░░░░░[0m
[38;2;0;0;0;48;2;170;170;170m [38;2;170;0;0mF10[38;2;0;0;0m Exit │ [38;2;170;0;0mF1[38;2;0;0;0m Help │                                                                                                    [0m
